0 0.62578125 0.6609375 0.7484375 0.678125
0 0.31953125 0.3125 0.2484375 0.178125
0 0.10859375 0.390625 0.2171875 0.15625
0 0.08046875 0.28515625 0.1609375 0.1796875
0 0.6765625 0.190625 0.2296875 0.134375
0 0.4859375 0.2375 0.1859375 0.1296875
0 0.6828125 0.0921875 0.25625 0.1515625
0 0.4546875 0.15390625 0.2296875 0.1453125
0 0.23515625 0.21640625 0.2265625 0.1453125
0 0.8328125 0.128125 0.2078125 0.228125
0 0.859375 0.3140625 0.225 0.1390625
0 0.38125 0.4453125 0.7375 0.2796875
0 0.13203125 0.6296875 0.2359375 0.1390625