0 0.2515625 0.25859375 0.2 0.08125
0 0.440625 0.23984375 0.1671875 0.0828125
0 0.63984375 0.275 0.2203125 0.0953125
0 0.86796875 0.26796875 0.2125 0.0953125
0 0.89375 0.15234375 0.1828125 0.128125
0 0.06875 0.440625 0.1375 0.071875
0 0.16875 0.4171875 0.134375 0.1140625
0 0.321875 0.4171875 0.171875 0.1078125
0 0.6625 0.42578125 0.4984375 0.1078125
0 0.5984375 0.5296875 0.803125 0.153125
0 0.31328125 0.79296875 0.5921875 0.4140625
0 0.084375 0.2421875 0.16875 0.209375
0 0.48515625 0.15390625 0.603125 0.1328125