0 0.41484375 0.7015625 0.8296875 0.596875
0 0.5796875 0.25234375 0.24375 0.165625
0 0.82421875 0.2203125 0.2609375 0.140625
0 0.8203125 0.1046875 0.2390625 0.1671875
0 0.20546875 0.29921875 0.2265625 0.121875
0 0.39765625 0.2578125 0.1828125 0.1203125
0 0.15703125 0.21328125 0.253125 0.1359375
0 0.3890625 0.16875 0.2265625 0.1328125
0 0.6140625 0.12890625 0.2234375 0.1328125
0 0.06796875 0.3109375 0.1359375 0.21875
0 0.103125 0.48984375 0.20625 0.1265625
0 0.5828125 0.3984375 0.7421875 0.23125
0 0.88515625 0.4546875 0.2296875 0.125