0 0.62578125 0.6734375 0.7484375 0.653125
0 0.3296875 0.303125 0.2453125 0.16875
0 0.11171875 0.36953125 0.2234375 0.1453125
0 0.08515625 0.26171875 0.1703125 0.1703125
0 0.69296875 0.2 0.228125 0.125
0 0.5 0.2375 0.184375 0.1234375
0 0.70390625 0.10234375 0.2546875 0.140625
0 0.4734375 0.1515625 0.228125 0.1359375
0 0.25 0.203125 0.2234375 0.1359375
0 0.85234375 0.14609375 0.2 0.221875
0 0.86875 0.3328125 0.2234375 0.1296875
0 0.384375 0.4390625 0.740625 0.2421875
0 0.12578125 0.61015625 0.234375 0.128125