0 0.37265625 0.7046875 0.7453125 0.5625
0 0.6375 0.27890625 0.2296875 0.1359375
0 0.878125 0.30703125 0.24375 0.1078125
0 0.89609375 0.19453125 0.2078125 0.1390625
0 0.2625 0.234375 0.2203125 0.09375
0 0.45859375 0.240625 0.1734375 0.0984375
0 0.23671875 0.1390625 0.2453125 0.1046875
0 0.471875 0.15234375 0.2171875 0.1046875
0 0.70078125 0.16796875 0.2140625 0.10625
0 0.096875 0.20546875 0.1734375 0.2
0 0.11015625 0.39296875 0.2140625 0.0984375
0 0.6046875 0.421875 0.7421875 0.1296875
0 0.88671875 0.55 0.2265625 0.0953125