0 0.771875 0.2859375 0.2046875 0.1
0 0.5859375 0.24765625 0.1734375 0.0984375
0 0.384375 0.26171875 0.2265625 0.115625
0 0.15859375 0.23046875 0.21875 0.115625
0 0.14453125 0.11328125 0.1921875 0.1453125
0 0.93125 0.48671875 0.1375 0.0859375
0 0.83828125 0.45234375 0.1453125 0.1265625
0 0.6859375 0.4359375 0.1796875 0.125
0 0.34609375 0.409375 0.5015625 0.1578125
0 0.4 0.51953125 0.8 0.2359375
0 0.653125 0.78828125 0.628125 0.4234375
0 0.92265625 0.28828125 0.1546875 0.2265625
0 0.55078125 0.1578125 0.6078125 0.19375