0 0.465625 0.78125 0.84375 0.4375
0 0.878125 0.2078125 0.1859375 0.128125
0 0.70234375 0.2125 0.2078125 0.1109375
0 0.52578125 0.2359375 0.1859375 0.115625
0 0.32421875 0.28984375 0.2390625 0.1625
0 0.09921875 0.3453125 0.1984375 0.14375
0 0.078125 0.22734375 0.15625 0.1515625
0 0.728125 0.48359375 0.159375 0.059375
0 0.73203125 0.5125 0.175 0.0578125
0 0.57421875 0.49609375 0.1203125 0.0578125
0 0.4515625 0.51484375 0.128125 0.0703125
0 0.3078125 0.53359375 0.1546875 0.071875
0 0.59453125 0.5390625 0.1359375 0.05625
0 0.45625 0.56015625 0.1203125 0.0578125
0 0.05546875 0.59453125 0.103125 0.096875