0 0.29765625 0.21953125 0.2046875 0.09375
0 0.48671875 0.23359375 0.171875 0.09375
0 0.6765625 0.303125 0.2234375 0.109375
0 0.896875 0.334375 0.20625 0.109375
0 0.9265625 0.22578125 0.146875 0.1390625
0 0.08359375 0.3671875 0.146875 0.08125
0 0.18828125 0.3609375 0.1421875 0.1234375
0 0.3390625 0.3875 0.178125 0.1203125
0 0.6734375 0.45546875 0.5015625 0.1421875
0 0.59375 0.54765625 0.809375 0.2078125
0 0.2859375 0.765625 0.571875 0.46875
0 0.1265625 0.17265625 0.2015625 0.2203125
0 0.5453125 0.15703125 0.6078125 0.1734375