0 0.084375 0.24765625 0.16796875 0.103125
0 0.2671875 0.2203125 0.2109375 0.0921875
0 0.4546875 0.21875 0.159375 0.09140625
0 0.65703125 0.2515625 0.2359375 0.13046875
0 0.88984375 0.2765625 0.21953125 0.0921875
0 0.89765625 0.1609375 0.20390625 0.1328125
0 0.31015625 0.359375 0.18984375 0.04921875
0 0.31796875 0.415625 0.16875 0.053125
0 0.47109375 0.4 0.15546875 0.0953125
0 0.62578125 0.4 0.159375 0.08359375
0 0.80078125 0.4078125 0.17109375 0.09765625
0 0.3265625 0.65546875 0.653125 0.4671875