0 0.371875 0.7125 0.74296875 0.525
0 0.62578125 0.271875 0.22421875 0.125
0 0.871875 0.2875 0.24765625 0.0953125
0 0.88984375 0.1734375 0.21953125 0.12734375
0 0.24921875 0.246875 0.215625 0.08203125
0 0.4453125 0.24296875 0.16875 0.08984375
0 0.21796875 0.153125 0.240625 0.0921875
0 0.45390625 0.15390625 0.21328125 0.09375
0 0.6828125 0.1578125 0.20859375 0.0953125
0 0.08203125 0.22734375 0.1640625 0.19140625
0 0.1046875 0.41328125 0.209375 0.0875
0 0.60078125 0.41640625 0.73828125 0.09140625
0 0.8890625 0.5296875 0.221875 0.084375