0 0.534375 0.78125 0.84375 0.4375
0 0.121875 0.2078125 0.1859375 0.128125
0 0.29765625 0.2125 0.2078125 0.1109375
0 0.47421875 0.2359375 0.1859375 0.115625
0 0.67578125 0.28984375 0.2390625 0.1625
0 0.90078125 0.3453125 0.1984375 0.14375
0 0.921875 0.22734375 0.15625 0.1515625
0 0.271875 0.48359375 0.159375 0.059375
0 0.26796875 0.5125 0.175 0.0578125
0 0.42578125 0.49609375 0.1203125 0.0578125
0 0.5484375 0.51484375 0.128125 0.0703125
0 0.6921875 0.53359375 0.1546875 0.071875
0 0.40546875 0.5390625 0.1359375 0.05625
0 0.54375 0.56015625 0.1203125 0.0578125
0 0.94453125 0.59453125 0.103125 0.096875