0 0.44921875 0.78984375 0.8265625 0.4203125
0 0.89296875 0.228125 0.18125 0.1203125
0 0.7171875 0.2234375 0.2046875 0.1015625
0 0.53984375 0.23828125 0.18125 0.1078125
0 0.33515625 0.28125 0.2328125 0.1515625
0 0.10234375 0.32421875 0.2046875 0.1328125
0 0.08359375 0.2046875 0.1671875 0.14375
0 0.728125 0.49609375 0.1578125 0.0515625
0 0.73125 0.52421875 0.1734375 0.05
0 0.57421875 0.5 0.11875 0.053125
0 0.45078125 0.51171875 0.1265625 0.0640625
0 0.30703125 0.5234375 0.1515625 0.065625
0 0.5921875 0.54375 0.134375 0.05
0 0.453125 0.5578125 0.11875 0.053125
0 0.05078125 0.57109375 0.0984375 0.0921875