0 0.40546875 0.76796875 0.8109375 0.4640625
0 0.9234375 0.315625 0.153125 0.13125
0 0.7703125 0.27421875 0.209375 0.1140625
0 0.59296875 0.25234375 0.1875 0.11875
0 0.384375 0.2515625 0.240625 0.1671875
0 0.1390625 0.24453125 0.228125 0.146875
0 0.1421875 0.12265625 0.2015625 0.1546875
0 0.72421875 0.54296875 0.159375 0.0625
0 0.72109375 0.571875 0.175 0.0609375
0 0.57265625 0.515625 0.1203125 0.0609375
0 0.44921875 0.5015625 0.1296875 0.0734375
0 0.30625 0.4828125 0.1546875 0.075
0 0.58125 0.56171875 0.1359375 0.059375
0 0.4421875 0.546875 0.1203125 0.0609375
0 0.04921875 0.47578125 0.0984375 0.0984375