0 0.571875 0.8015625 0.8015625 0.39609375
0 0.0890625 0.25625 0.1734375 0.1078125
0 0.2640625 0.2390625 0.19921875 0.0875
0 0.4421875 0.24140625 0.17578125 0.0953125
0 0.64921875 0.2703125 0.22421875 0.13671875
0 0.89296875 0.296875 0.2140625 0.11875
0 0.90703125 0.17578125 0.18515625 0.13046875
0 0.271875 0.51171875 0.15546875 0.04140625
0 0.27109375 0.540625 0.17109375 0.0375
0 0.42578125 0.50546875 0.115625 0.04453125
0 0.55 0.50859375 0.12265625 0.05625
0 0.69453125 0.51015625 0.1484375 0.0546875
0 0.4109375 0.55 0.13203125 0.040625
0 0.55078125 0.5546875 0.115625 0.04453125
0 0.953125 0.53984375 0.09296875 0.0859375