0 0.26484375 0.24609375 0.196875 0.0703125
0 0.4546875 0.2375 0.1640625 0.07421875
0 0.6515625 0.2828125 0.215625 0.08359375
0 0.8796875 0.2875 0.20859375 0.084375
0 0.91171875 0.1734375 0.1765625 0.11875
0 0.0703125 0.41875 0.140625 0.06484375
0 0.1734375 0.4 0.1296875 0.1078125
0 0.3265625 0.4078125 0.16640625 0.1
0 0.66640625 0.434375 0.4953125 0.08203125
0 0.59921875 0.5359375 0.8015625 0.11171875
0 0.29765625 0.7953125 0.571875 0.40859375
0 0.0890625 0.2203125 0.178125 0.20078125
0 0.503125 0.15390625 0.59921875 0.1015625